20
1000
509
90
92
965
817
979
1310
301
119
709
1209
278
1412
449
1511
171
636
634
724
23
368
1465
646
258
62
75
747
440
722
1529
622
1029
1362
231
942
39
463
1382
793
247
636
1346
685
629
122
408
1067
214
142
510
36
1036
438
1271
869
401
502
721
948
669
631
1112
551
1494
476
983
1029
750
1442
494
14
378
56
664
629
413
94
461
1405
128
79
280
221
884
206
561
720
553
1390
1005
747
872
351
1173
248
985
384
892
951
592
737
1085
634
1444
534
709
470
40
539
515
1084
559
389
1207
1359
1528
1009
568
195
485
1234
1482
23
434
1104
679
349
449
68
1482
754
1390
888
515
54
1076
1162
977
738
804
868
287
1303
1323
1228
1457
944
273
39
1156
566
883
78
822
966
1365
1148
1095
45
1131
955
1384
362
967
1505
1332
1174
22
912
194
1298
427
16
120
1100
1352
914
759
475
456
930
941
592
1278
382
213
548
1184
315
1507
724
1253
194
895
494
54
642
1088
3
470
965
1033
1101
1297
269
933
856
1487
1263
700
488
1091
1080
130
1473
201
1173
972
149
1167
1522
42
852
522
1237
77
1136
428
1001
175
1510
515
1378
354
1029
1125
1408
1531
626
379
388
485
501
1508
1150
472
954
1316
24
77
209
593
678
724
1245
527
192
455
436
462
1252
46
1028
936
493
1539
742
1204
198
1110
866
519
527
20
1058
520
1450
521
373
511
1366
135
147
711
813
1175
65
686
519
644
408
913
1077
1096
1404
1303
815
94
1136
525
1089
683
1432
247
676
88
1324
1265
81
476
50
825
1120
116
1527
1031
1146
653
1045
1038
379
83
464
965
1016
333
862
214
826
474
811
217
248
603
1269
1224
822
1379
10
972
806
669
297
668
177
140
675
1077
175
204
286
232
1387
1245
96
212
1251
1355
529
553
193
1341
388
729
113
1275
31
499
630
1352
719
702
824
1329
986
615
1015
372
1144
151
1009
892
1452
103
253
1149
891
904
1082
425
1384
1446
1435
467
1467
1175
664
638
1361
1329
1157
1228
1038
1422
1091
280
1351
562
1233
296
422
1032
711
122
1304
267
999
74
1192
642
1326
172
757
745
102
186
716
745
1448
295
1282
1232
1231
1234
1248
1360
126
685
1521
1089
831
665
1443
251
873
1397
440
147
174
1374
582
321
560
773
1074
1101
643
952
587
1043
127
156
1153
391
866
1387
571
277
1439
907
489
35
148
127
233
29
445
362
52
225
847
1283
5
93
1073
709
766
127
1100
1086
1398
1452
140
480
817
931
1199
150
859
1512
1252
1072
1507
595
1537
118
462
649
1305
1059
959
682
1502
1514
282
1494
1330
398
1189
455
665
871
241
1387
1141
1050
927
545
1413
673
937
1219
1290
652
135
153
514
550
1308
931
480
408
1248
9
1485
981
1120
776
315
1001
1389
949
1163
1297
979
1156
969
729
811
1379
839
42
1061
110
353
1437
313
349
1054
734
621
24
1035
1245
1080
943
593
933
562
649
562
1446
367
31
957
1377
152
682
288
684
646
863
995
263
217
1469
256
103
491
1095
282
309
1296
868
699
1271
560
111
446
446
1329
1007
479
720
281
1025
1241
460
542
291
1436
925
938
1005
524
844
1422
1094
1504
1286
193
500
1275
533
1005
1372
532
1209
81
1487
898
128
110
92
357
871
1368
141
798
531
536
938
173
800
1338
738
1258
1146
822
400
280
247
1093
768
1519
636
105
225
1000
1103
417
1220
185
144
1041
1002
1541
1145
477
154
1431
1431
1212
172
498
477
1385
41
873
968
990
718
897
1418
256
983
794
945
372
1502
224
631
580
22
276
655
152
986
512
1265
1303
1028
665
1076
1333
1103
515
511
1163
1395
157
137
380
873
434
845
589
743
912
329
1334
326
1475
411
941
912
1236
284
203
318
489
198
1394
4
365
930
806
21
531
104
1086
963
969
270
879
1376
103
926
623
657
1231
894
1492
285
1239
204
1284
1107
432
1234
676
472
295
418
1521
345
1327
582
508
1309
909
1107
219
409
44
346
411
490
610
184
697
9
1335
761
1250
265
1140
777
201
213
596
1434
92
335
1471
1405
350
679
1142
974
1383
184
328
3
339
67
567
1323
65
812
137
825
155
1385
610
217
1233
1129
747
1441
783
347
461
1536
280
205
962
1061
164
1035
353
309
156
425
109
233
1114
986
546
779
384
1274
1060
544
973
247
1296
1048
1244
680
660
290
802
148
549
1429
523
1069
1398
459
183
970
453
15
848
538
397
1074
1021
1137
111
692
1336
1254
554
1439
1081
568
845
613
1504
625
659
1458
732
278
1044
79
1133
726
866
1528
431
735
961
934
1442
103
1235
1172
341
21
991
594
952
945
473
1216
1296
365
1264
596
1536
886
250
1423
972
1244
1106
434
1010
1144
650
619
1154
291
250
187
693
578
18
520
1086
1218
525
828
1352
1478
496
458
1458
358
904
889
874
256
175
476
7
1313
450
69
58
637
71
1060
318
332
301
1448
983
1030
247
472
868
472
902
762
508
800
632
1513
839
109
230
1142
595
630
65
937
215
704
307
1113
1051
314
1228
301
328
953
